    -1     70     47


 1

     1     24     0.0000010000   1.000001000000      70.0001  -----------------
     2      1    -6.6045290290   0.001354220822       0.0948  --------------FLF
     3      1    -2.3870107250   0.091904000000       6.4333  ----------L------
     4      1    -3.2157307757   0.040126000000       2.8088  -F---------------
     5      1    -3.2464061165   0.038913808522       2.7240  AA---------------
     6      1   -11.3508631178   0.000011759336       0.0008  AAAAAAAAAACAAAAAA
     7      1    -6.8336384143   0.001076932654       0.0754  CCCCCCCCCCCCCCCCC
     8      1    -9.5254556255   0.000072970477       0.0051  CCCCCCCCCCGCCCCCC
     9      1   -17.6359594725   0.000000021918       0.0000  CCGGGGGGGIGGGGVVV
    10      1   -33.8205652737   0.000000000000       0.0000  CCITSIIIIA-FITSSK
    11      1   -18.9088637145   0.000000006137       0.0000  DDSSAASSSPESPSPPP
    12      1   -22.8889175075   0.000000000115       0.0000  DKTTTTTTTTDSNTTTT
    13      1   -31.2695184697   0.000000000000       0.0000  EEKTWKKKKQQEQTQQQ
    14      1   -10.0245752259   0.000044297814       0.0031  FFFFFFFFFFPFFFFFF
    15      1    -8.8723087670   0.000140218482       0.0098  FFYYYYYYYYFYYYYYY
    16      1   -44.3869748070   0.000000000000       0.0000  FRNRKKNNSRVSARQSN
    17      1   -23.8035372099   0.000000000046       0.0000  GAEEEEEEEHTEEEQEQ
    18      1   -22.2280685500   0.000000000222       0.0000  GGTTTTTTTKTSKTNNN
    19      1   -29.0733986446   0.000000000000       0.0000  GTSSNSSSSDTSSSTNN
    20      1   -26.1503435573   0.000000000004       0.0000  HHIIVVIIIIAVFIIIL
    21      1   -23.4031532799   0.000000000069       0.0000  HHPPPPPPPDPPKPDDN
    22      1   -11.7801789348   0.000007654790       0.0005  IIIIIIIIIMVIIIMMM
    23      1   -26.5277410249   0.000000000003       0.0000  IIMLMMMMMVGMMLLVT
    24      1   -19.2503110746   0.000000004362       0.0000  IIVVVVVIVVRVVVVVI
    25      1   -21.8968553674   0.000000000309       0.0000  INIIIIIIILVVLILIL
    26      1   -26.8407558082   0.000000000002       0.0000  IVRRRRRRRERRPRKKQ
    27      1   -29.9980252204   0.000000000000       0.0000  KAKSQQKKKRKNNSRRR
    28      1   -11.9680034591   0.000006343985       0.0004  KKGGGGGGGGVGGGGGG
    29      1   -25.8900472781   0.000000000006       0.0000  KKRKKKRKRKIRRKATA
    30      1   -28.1405194860   0.000000000001       0.0000  KSRRRRRRRRFKRRKNG
    31      1   -14.9744064021   0.000000313833       0.0000  LLVVVVVVMVLVVVVVV
    32      1    -5.7724363984   0.003112165794       0.2179  LM---------------
    33      1   -25.6534382987   0.000000000007       0.0000  LRLLLLLLFITIILIII
    34      1   -23.1462305580   0.000000000089       0.0000  LYLLLLLLLLIIILLVL
    35      1   -21.7993834423   0.000000000341       0.0000  NDIIIIIIITLIIIKKK
    36      1   -27.3088173731   0.000000000001       0.0000  NNKRRRKRRKGRKRNED
    37      1   -22.1775260494   0.000000000234       0.0000  PHIVVVVVVIQVIVIII
    38      1    -3.8004001735   0.022361821456       1.5653  QQ---------------
    39      1   -31.1000064764   0.000000000000       0.0000  RNQQQQRRKQRKQQQQR
    40      1    -6.8868956818   0.001021078679       0.0715  RT---------------
    41      1   -18.4881333189   0.000000009348       0.0000  SSKKKRKKKKKKKKKRK
    42      1   -12.6526002112   0.000003199231       0.0002  TLTTTTTTTTTTTTTTT
    43      1   -21.1402976556   0.000000000659       0.0000  TTTTITTTTETITTEEE
    44      1   -21.9443640482   0.000000000295       0.0000  TTTTQRTTTSSTTTSSS
    45      1   -17.7470165043   0.000000019614       0.0000  VVKKKKKKKVTKKKVVV
    46      1   -28.3287888507   0.000000000000       0.0000  VVVVIIVVFIKIFVIII
    47      1   -12.3248824319   0.000004439883       0.0003  YYLLLLLLLLTLLLLLL