

TREE # 1

  0  0.0000    878.154536  x:  0.30271   0.25529   0.03061   0.08654   0.21118   0.15262   0.73412   0.27429   0.24548   0.00000   0.05094   0.00000   0.02520   0.02502   0.02563   0.06710   0.14196   0.00000   0.00000   0.14299   0.16375   0.02600   0.05014   0.09276   0.16144   0.20396   0.92359   2.51957   1.15862   0.74179   0.00000   1.09608  
  1 99.0000    878.154419  x:  0.30271   0.25529   0.03061   0.08654   0.21118   0.15262   0.73412   0.27429   0.24548   0.00000   0.05094   0.00000   0.02520   0.02502   0.02563   0.06710   0.14196   0.00000   0.00000   0.14299   0.16375   0.02600   0.05014   0.09276   0.16144   0.20396   0.92359   2.51957   1.15862   0.74179   0.00000   1.09608  
  2 76.5619    877.665368  x:  0.30458   0.24516   0.01189   0.07650   0.21102   0.12723   0.73061   0.26457   0.24299   0.00000   0.05840   0.00000   0.02917   0.02812   0.01739   0.06161   0.14245   0.00000   0.00000   0.14161   0.15776   0.04560   0.03122   0.09638   0.15199   0.22735   0.92450   2.52274   1.16282   0.73425   0.00000   1.16654  
  3 321.1769    877.151052  x:  0.30689   0.23318   0.00000   0.07174   0.21232   0.09508   0.72493   0.25035   0.23835   0.00000   0.05993   0.00000   0.02011   0.02112   0.03454   0.05960   0.14057   0.00000   0.00000   0.13689   0.14794   0.04013   0.02051   0.10374   0.13608   0.25702   0.92509   2.52698   1.16804   0.72273   0.00000   1.26362  
  4 51.7522    876.384241  x:  0.31226   0.22175   0.00878   0.08019   0.22033   0.05718   0.71657   0.23053   0.23326   0.00000   0.04862   0.00000   0.03380   0.02845   0.03207   0.06015   0.13808   0.00000   0.00000   0.13159   0.13733   0.02295   0.02765   0.11789   0.10986   0.30088   0.92528   2.53339   1.17559   0.70477   0.00000   1.41212  
  5 71.0330    875.844192  x:  0.31527   0.22020   0.02676   0.09149   0.23549   0.05287   0.71175   0.22032   0.23329   0.00000   0.04329   0.00000   0.01840   0.02127   0.02325   0.06313   0.13765   0.00000   0.00000   0.13252   0.13951   0.03002   0.03458   0.12007   0.08621   0.32776   0.92439   2.53786   1.18042   0.69172   0.00000   1.51946  
  6 54.9432    875.206930  x:  0.31093   0.22204   0.04257   0.09609   0.26511   0.08001   0.70518   0.21157   0.23606   0.00000   0.06728   0.00000   0.02567   0.01804   0.02690   0.07148   0.13450   0.00000   0.00000   0.13421   0.15125   0.02289   0.03276   0.10148   0.03831   0.35295   0.92026   2.54373   1.18541   0.67128   0.00000   1.67645  
  7 48.1250    875.036961  x:  0.30576   0.22336   0.03860   0.08983   0.26972   0.09091   0.70298   0.21281   0.23727   0.00000   0.06403   0.00000   0.01970   0.02874   0.02590   0.07225   0.13326   0.00000   0.00000   0.13403   0.15476   0.01844   0.03659   0.09469   0.02191   0.35559   0.91766   2.54493   1.18580   0.66560   0.00000   1.72013  
  8 34.7658    874.819681  x:  0.29563   0.22637   0.02876   0.07763   0.26987   0.10555   0.69954   0.21825   0.23865   0.00000   0.05005   0.00000   0.02319   0.02290   0.02483   0.07126   0.13153   0.00000   0.00000   0.13328   0.15848   0.01781   0.04773   0.08708   0.00000   0.35449   0.91272   2.54582   1.18505   0.65872   0.00000   1.77293  
  9 35.7482    874.819681  x:  0.29563   0.22637   0.02876   0.07763   0.26987   0.10555   0.69954   0.21825   0.23865   0.00000   0.05005   0.00000   0.02319   0.02290   0.02483   0.07126   0.13153   0.00000   0.00000   0.13328   0.15848   0.01781   0.04773   0.08708   0.00000   0.35449   0.91272   2.54582   1.18505   0.65872   0.00000   1.77293  
 10  8.2926    874.699401  x:  0.29558   0.22763   0.02828   0.07847   0.26669   0.10397   0.69944   0.22055   0.23940   0.00000   0.05038   0.00000   0.02672   0.02653   0.02564   0.06849   0.13332   0.00000   0.00000   0.13490   0.15868   0.03191   0.04649   0.08908   0.00215   0.35563   0.91206   2.54565   1.18486   0.65925   0.00000   1.77510  
 11 16.7903    874.599941  x:  0.29610   0.23379   0.02672   0.08261   0.25302   0.09844   0.69935   0.23135   0.24313   0.00000   0.05180   0.00000   0.02183   0.02243   0.02431   0.06032   0.14045   0.00000   0.00000   0.13909   0.15697   0.03304   0.04185   0.09743   0.01197   0.36094   0.90896   2.54486   1.18406   0.66223   0.00000   1.78565  
 12  7.4337    874.541718  x:  0.29670   0.23832   0.02533   0.08518   0.24270   0.09555   0.69936   0.23962   0.24582   0.00000   0.05183   0.00000   0.02681   0.02606   0.02596   0.05748   0.14484   0.00000   0.00000   0.14188   0.15580   0.02905   0.03877   0.10241   0.01898   0.36452   0.90620   2.54418   1.18332   0.66483   0.00000   1.79488  
 13 17.7677    874.486130  x:  0.29911   0.24364   0.02307   0.08580   0.23048   0.10118   0.69985   0.25113   0.24855   0.00000   0.04909   0.00000   0.02513   0.02761   0.02518   0.07051   0.14525   0.00000   0.00000   0.14499   0.15745   0.02969   0.03763   0.10228   0.02591   0.36667   0.89988   2.54272   1.18161   0.67059   0.00000   1.81529  
 14  6.0447    874.440714  x:  0.30230   0.24721   0.02278   0.08614   0.22259   0.11140   0.70045   0.25981   0.24955   0.00000   0.05332   0.00000   0.02864   0.02255   0.02717   0.07275   0.14272   0.00000   0.00000   0.14438   0.15984   0.03036   0.03973   0.10081   0.02942   0.36614   0.89275   2.54111   1.17976   0.67689   0.00000   1.83815  
 15  9.1215    874.361865  x:  0.30878   0.25235   0.02363   0.08695   0.21089   0.13266   0.70153   0.27355   0.24968   0.00000   0.05762   0.00000   0.02525   0.02806   0.02659   0.06755   0.13767   0.00000   0.00000   0.14108   0.16411   0.02999   0.04414   0.09807   0.03335   0.36274   0.87815   2.53780   1.17614   0.68950   0.00000   1.88508  
 16 19.2850    874.313770  x:  0.31192   0.25306   0.02362   0.08710   0.20650   0.14268   0.70175   0.27796   0.24746   0.00000   0.04931   0.00000   0.02715   0.02648   0.02378   0.06319   0.13830   0.00000   0.00000   0.14049   0.16500   0.03000   0.04337   0.09743   0.03333   0.35841   0.86821   2.53549   1.17395   0.69719   0.00000   1.91724  
 17 13.5612    874.269449  x:  0.31352   0.25113   0.02256   0.08671   0.20415   0.14770   0.70122   0.27807   0.24281   0.00000   0.04634   0.00000   0.02535   0.02606   0.03049   0.06202   0.14241   0.00000   0.00000   0.14198   0.16368   0.03005   0.04064   0.09848   0.03179   0.35243   0.85680   2.53272   1.17169   0.70448   0.00000   1.95415  
 18 14.5438    874.139192  x:  0.31527   0.24286   0.01943   0.08576   0.20025   0.15285   0.69849   0.27247   0.22728   0.00000   0.05353   0.00000   0.02630   0.02692   0.02580   0.06426   0.15562   0.00000   0.00000   0.14804   0.15755   0.02950   0.03508   0.10381   0.02791   0.33567   0.82263   2.52418   1.16525   0.72346   0.00000   2.06433  
 19 29.3919    873.988371  x:  0.31070   0.23448   0.02453   0.08974   0.20034   0.13871   0.69224   0.25857   0.21221   0.00000   0.05104   0.00000   0.02618   0.02656   0.02614   0.06618   0.15443   0.00000   0.00000   0.14846   0.15317   0.02976   0.05411   0.10709   0.03845   0.32849   0.77746   2.51190   1.15739   0.73859   0.00000   2.20780  
 20 20.3186    873.785067  x:  0.29969   0.22861   0.02843   0.09013   0.20756   0.11278   0.68285   0.24213   0.20629   0.00000   0.05170   0.00000   0.02573   0.02601   0.02578   0.06405   0.13950   0.00000   0.00000   0.14195   0.15453   0.02983   0.04407   0.08859   0.05630   0.32367   0.71958   2.49483   1.14808   0.74722   0.00000   2.39056  
 21 31.2766    873.647325  x:  0.28618   0.23118   0.02004   0.07780   0.22687   0.10129   0.67430   0.23795   0.22757   0.00000   0.05106   0.00000   0.02567   0.02589   0.02561   0.06423   0.13087   0.00000   0.00000   0.13529   0.15833   0.02972   0.04244   0.10003   0.06071   0.31581   0.67627   2.47896   1.14185   0.73127   0.00000   2.52342  
 22 15.6640    873.556393  x:  0.28072   0.23748   0.03257   0.08528   0.24338   0.09846   0.66786   0.23646   0.24689   0.00000   0.05157   0.00000   0.02597   0.02604   0.02576   0.06660   0.13566   0.00000   0.00000   0.13636   0.15746   0.02977   0.04131   0.10107   0.06022   0.30997   0.64531   2.46516   1.13799   0.70690   0.00000   2.61677  
 23 18.2037    873.508169  x:  0.28373   0.23695   0.02714   0.08242   0.24591   0.09901   0.66557   0.23524   0.25204   0.00000   0.05168   0.00000   0.02580   0.02606   0.02553   0.06380   0.14317   0.00000   0.00000   0.14232   0.15443   0.02939   0.04693   0.09062   0.06095   0.31173   0.62940   2.45410   1.13753   0.68130   0.00000   2.66601  
 24  7.7973    873.453827  x:  0.29510   0.23264   0.02500   0.08507   0.23492   0.09997   0.66456   0.23185   0.24312   0.00000   0.05111   0.00000   0.02561   0.02579   0.02538   0.06376   0.13569   0.00000   0.00000   0.14077   0.15417   0.02923   0.04394   0.09457   0.05554   0.31341   0.61253   2.43389   1.14046   0.63717   0.00000   2.72358  
 25  5.3932    873.441596  x:  0.28676   0.23302   0.02753   0.08207   0.23017   0.10222   0.66318   0.23310   0.23753   0.00000   0.05096   0.00000   0.02553   0.02571   0.02525   0.06419   0.13919   0.00000   0.00000   0.13437   0.15466   0.02938   0.04376   0.09407   0.05302   0.31612   0.60941   2.42153   1.14369   0.62849   0.00000   2.73794  
 26  1.8661    873.429271  x:  0.27554   0.23219   0.02745   0.08330   0.22707   0.10555   0.65972   0.23592   0.23351   0.00000   0.05072   0.00000   0.02544   0.02562   0.02517   0.06310   0.13546   0.00000   0.00000   0.13924   0.15278   0.02908   0.04361   0.09372   0.04808   0.31918   0.60666   2.40070   1.14921   0.62409   0.00000   2.75365  
 27  2.1309    873.343411  x:  0.28128   0.22217   0.02907   0.08228   0.21843   0.10637   0.61975   0.24600   0.23549   0.00000   0.05055   0.00000   0.02533   0.02533   0.02497   0.06251   0.13566   0.00000   0.00000   0.13820   0.15809   0.02849   0.04400   0.09222   0.01822   0.34551   0.58798   2.20374   1.19811   0.63148   0.00000   2.86765  
 28  2.3944    873.309116  x:  0.28445   0.22970   0.02500   0.08436   0.22073   0.11490   0.61179   0.23999   0.23266   0.00000   0.05057   0.00000   0.02545   0.02536   0.02499   0.06336   0.13544   0.00000   0.00000   0.13542   0.15043   0.02896   0.04126   0.09485   0.01880   0.35719   0.57991   2.11891   1.21753   0.63483   0.00000   2.91522  
 29  9.0367    873.285135  x:  0.28493   0.23933   0.02536   0.08229   0.21750   0.11510   0.62346   0.23338   0.23172   0.00000   0.05070   0.00000   0.02550   0.02539   0.02500   0.06254   0.13613   0.00000   0.00000   0.13998   0.15851   0.02822   0.04202   0.09468   0.02143   0.35007   0.57326   2.05548   1.22810   0.63659   0.00000   2.94977  
 30  3.9124    873.258139  x:  0.28390   0.23332   0.02419   0.08495   0.21473   0.11329   0.64659   0.23704   0.23563   0.00000   0.05054   0.00000   0.02540   0.02524   0.02492   0.06279   0.13560   0.00000   0.00000   0.13598   0.15348   0.02862   0.04353   0.09247   0.02938   0.33388   0.56550   1.98384   1.23629   0.63794   0.00000   2.98927  
 31  4.8493    873.253859  x:  0.28448   0.23006   0.02704   0.08213   0.21676   0.11430   0.64890   0.23948   0.23397   0.00000   0.05059   0.00000   0.02546   0.02529   0.02495   0.06268   0.13552   0.00000   0.00000   0.13770   0.15388   0.02847   0.04275   0.09348   0.03456   0.33195   0.56425   1.97334   1.23520   0.63751   0.00000   2.99611  
 32  1.6497    873.250008  x:  0.28447   0.23011   0.02487   0.08446   0.21951   0.11419   0.64630   0.24347   0.22971   0.00000   0.05059   0.00000   0.02548   0.02530   0.02495   0.06275   0.13624   0.00000   0.00000   0.13718   0.15648   0.02830   0.04289   0.09339   0.03898   0.32696   0.56320   1.96688   1.22809   0.63674   0.00000   3.00370  
 33  0.6808    873.243578  x:  0.28540   0.23367   0.02548   0.08217   0.21846   0.11302   0.63943   0.24706   0.22584   0.00000   0.05039   0.00000   0.02537   0.02518   0.02487   0.06250   0.13483   0.00000   0.00000   0.13690   0.15309   0.02836   0.04359   0.09220   0.04338   0.31654   0.56188   1.95908   1.21174   0.63611   0.00000   3.01756  
 34  1.3942    873.230575  x:  0.28271   0.22929   0.02511   0.08304   0.20873   0.11887   0.62693   0.24063   0.22830   0.00000   0.05009   0.00000   0.02524   0.02504   0.02473   0.06201   0.13495   0.00000   0.00000   0.13639   0.15348   0.02802   0.04323   0.09201   0.05441   0.30319   0.56072   1.94846   1.17305   0.63613   0.00000   3.04809  
 35  1.7279    873.213114  x:  0.28459   0.23039   0.02470   0.08303   0.20884   0.11948   0.64128   0.24317   0.22556   0.00000   0.05007   0.00000   0.02523   0.02503   0.02475   0.06202   0.13530   0.00000   0.00000   0.13657   0.15334   0.02782   0.04202   0.09324   0.04555   0.31627   0.57051   1.95261   1.11522   0.64236   0.00000   3.10364  
 36  0.7349    873.196510  x:  0.28699   0.23190   0.02435   0.08358   0.20823   0.12156   0.64591   0.24459   0.22600   0.00000   0.05024   0.00000   0.02529   0.02512   0.02487   0.06235   0.13627   0.00000   0.00000   0.13726   0.15384   0.02766   0.04275   0.09318   0.05132   0.30987   0.62251   1.98405   1.10665   0.64685   0.00000   3.18375  
 37  0.5315    873.177521  x:  0.28831   0.23236   0.02404   0.08417   0.20570   0.12392   0.64788   0.24563   0.22437   0.00000   0.05031   0.00000   0.02526   0.02520   0.02503   0.06272   0.13727   0.00000   0.00000   0.13791   0.15360   0.02749   0.04299   0.09366   0.05519   0.30639   0.56200   2.04027   1.15243   0.65405   0.00000   3.31107  
 38  0.2598    873.168291  x:  0.28546   0.23051   0.02470   0.08412   0.20810   0.12065   0.63815   0.24189   0.22467   0.00000   0.05022   0.00000   0.02514   0.02522   0.02501   0.06271   0.13707   0.00000   0.00000   0.13796   0.15286   0.02751   0.04349   0.09309   0.05130   0.31002   0.55670   1.98341   1.14641   0.64813   0.00000   3.46602  
 39  0.1489    873.167864  x:  0.28541   0.23072   0.02472   0.08406   0.20732   0.12121   0.63900   0.24307   0.22471   0.00000   0.05028   0.00000   0.02523   0.02522   0.02498   0.06257   0.13657   0.00000   0.00000   0.13775   0.15329   0.02765   0.04334   0.09301   0.05264   0.30818   0.55796   1.98576   1.14249   0.64710   0.00000   3.49127  
 40  0.0239    873.167856  x:  0.28539   0.23070   0.02469   0.08406   0.20733   0.12122   0.63912   0.24299   0.22461   0.00000   0.05027   0.00000   0.02524   0.02524   0.02498   0.06258   0.13664   0.00000   0.00000   0.13776   0.15322   0.02767   0.04337   0.09309   0.05261   0.30825   0.55783   1.98575   1.14279   0.64728   0.00000   3.49506  
 41  0.0037    873.167856  x:  0.28539   0.23070   0.02469   0.08406   0.20733   0.12122   0.63909   0.24299   0.22462   0.00000   0.05027   0.00000   0.02524   0.02524   0.02498   0.06258   0.13664   0.00000   0.00000   0.13777   0.15322   0.02767   0.04337   0.09308   0.05261   0.30826   0.55777   1.98571   1.14282   0.64728   0.00000   3.49535  
 42  0.0003    873.167856  x:  0.28539   0.23070   0.02469   0.08406   0.20733   0.12122   0.63909   0.24299   0.22462   0.00000   0.05027   0.00000   0.02524   0.02524   0.02498   0.06258   0.13664   0.00000   0.00000   0.13777   0.15322   0.02767   0.04337   0.09308   0.05261   0.30825   0.55777   1.98571   1.14282   0.64728   0.00000   3.49536  